start1: 171.30516052246094,17.159969329833984,0.0,360.0,180.15919494628906,0.0
start2: 171.31488037109375,13.659982681274414,0.0,360.0,180.15919494628906,0.0
end1: -68.0439224243164,16.494930267333984,0.0,360.0,180.15919494628906,0.0
end2: -68.03419494628906,12.994943618774414,0.0,360.0,180.15919494628906,0.0